0.10000000       13.367940
  0.20000000       29.305584
  0.30000001       51.106293
  0.40000001       61.283199
  0.50000000       56.613270
  0.60000002       52.127747
  0.70000005       45.209785
  0.80000007       37.285526
  0.90000010       29.529259
   1.0000001       22.642406
   1.1000001       16.741123
   1.2000002       11.736906
   1.3000002       7.4745998
   1.4000002       3.8156872
   1.5000002      0.63804889
   1.6000003      -2.1493001
   1.7000003      -4.6242604
   1.8000003      -6.8407278
   1.9000003      -8.8499002
   2.0000002      -10.681886
   2.1000001      -12.375003
   2.2000000      -13.941754
   2.3000000      -15.418770
   2.3999999      -16.799839
   2.4999998      -18.133381
   2.5999997      -19.383171
   2.6999996      -20.633610
   2.7999995      -21.787840
   2.8999994      -23.016535
   2.9999993      -24.091703
   3.0999992      -25.377237
   3.1999991      -26.362757
   3.2999990      -27.823790
   3.3999989      -28.666811
   3.4999988      -30.491457
   3.5999987      -31.082062
   3.6999986      -33.550163
   3.7999985      -33.733852
   3.8999984      -37.190414
   3.9999983      -36.863110
   4.0999985      -41.570072
   4.1999984      -40.898766
   4.2999983      -46.718765
   4.3999982      -46.348183
   4.4999981      -52.392578
   4.5999980      -53.081871
   4.6999979      -57.757446
   4.7999978      -59.111221
   4.8999977      -61.189640
   4.9999976      -61.776585
   5.0999975      -61.947964
   5.1999974      -61.710953
   5.2999973      -61.303589
   5.3999972      -60.813286
   5.4999971      -60.283104
   5.5999970      -59.732010
   5.6999969      -59.169037
   5.7999969      -58.598976
   5.8999968      -58.024731
   5.9999967      -57.448269
   6.0999966      -56.871048
   6.1999965      -56.294212
   6.2999964      -55.718666
   6.3999963      -55.145103
   6.4999962      -54.574036
   6.5999961      -54.005783
   6.6999960      -53.440475
   6.7999959      -52.878040
   6.8999958      -52.318207
   6.9999957      -51.760483
   7.0999956      -51.204166
   7.1999955      -50.648308
   7.2999954      -50.091724
   7.3999953      -49.532970
   7.4999952      -48.970303
   7.5999951      -48.401653
   7.6999950      -47.824585
   7.7999949      -47.236229
   7.8999949      -46.633198
   7.9999948      -46.011490
   8.0999947      -45.366333
   8.1999950      -44.692017
   8.2999954      -43.981663
   8.3999958      -43.226913
   8.4999962      -42.417545
   8.5999966      -41.540993
   8.6999969      -40.581715
   8.7999973      -39.520451
   8.8999977      -38.333332
   8.9999981      -36.990925
   9.0999985      -35.457367
   9.1999989      -33.690090
   9.2999992      -31.640942
   9.3999996      -29.260534
   9.5000000      -26.508722
   9.6000004      -23.375217
   9.7000008      -19.913588
   9.8000011      -16.283865
   9.9000015      -12.778944
   10.000002      -9.7856703
   10.100002      -7.6491866
   10.200003      -6.5122452
   10.300003      -6.2795258
   10.400003      -6.7262101
   10.500004      -7.6174469
   10.600004      -8.7677946
   10.700005      -10.050497
   10.800005      -11.386277
   10.900005      -12.728675
   11.000006      -14.052251
   11.100006      -15.344728
   11.200006      -16.601395
   11.300007      -17.822641
   11.400007      -19.011147
   11.500008      -20.171978
   11.600008      -21.310432
   11.700008      -22.433779
   11.800009      -23.548334
   11.900009      -24.663506
   12.000010      -25.786020
   12.100010      -26.928774
   12.200010      -28.098501
   12.300011      -29.314375
   12.400011      -30.582405
   12.500011      -31.932606
   12.600012      -33.368843
   12.700012      -34.938244
   12.800013      -36.640064
   12.900013      -38.543633
   13.000013      -40.638298
   13.100014      -43.008369
   13.200014      -45.614830
   13.300014      -48.507164
   13.400015      -51.554581
   13.500015      -54.644836
   13.600016      -57.462189
   13.700016      -59.709717
   13.800016      -61.139828
   13.900017      -61.773579
   14.000017      -61.830635
   14.100018      -61.564148
   14.200018      -61.140312
   14.300018      -60.642590
   14.400019      -60.108601
   14.500019      -59.555359
   14.600019      -58.991123
   14.700020      -58.420361
   14.800020      -57.845821
   14.900021      -57.269390
   15.000021      -56.692478
   15.100021      -56.116177
   15.200022      -55.541351
   15.300022      -54.968655
   15.400023      -54.398540
   15.500023      -53.831287
   15.600023      -53.266956
   15.700024      -52.705421
   15.800024      -52.146355
   15.900024      -51.589195
   16.000025      -51.033169
   16.100025      -50.477261
   16.200026      -49.920208
   16.300026      -49.360477
   16.400026      -48.796230
   16.500027      -48.225292
   16.600027      -47.645100
   16.700027      -47.052635
   16.800028      -46.444344
   16.900028      -45.815990
   17.000029      -45.162548
   17.100029      -44.477970
   17.200029      -43.754959
   17.300030      -42.984631
   17.400030      -42.156101
   17.500031      -41.255962
   17.600031      -40.267616
   17.700031      -39.170490
   17.800032      -37.939114
   17.900032      -36.542141
   18.000032      -34.941643
   18.100033      -33.093113
   18.200033      -30.947353
   18.300034      -28.456318
   18.400034      -25.586231
   18.500034      -22.342186
   18.600035      -18.805941
   18.700035      -15.177406
   18.800035      -11.786958
   18.900036      -9.0268717
   19.000036      -7.1941829
   19.100037      -6.3538737
   19.200037      -6.3559976
   19.300037      -6.9625177
   19.400038      -7.9501567
   19.500038      -9.1521788
   19.600039      -10.457749
   19.700039      -11.799396
   19.800039      -13.137889
   19.900040      -14.452931
   20.000040      -15.734426